2.2 1470202680206.0
2.2 1495877152165.1
2.2 1508322358418.3
2.2 1512187465494.1
2.2 1514239362065.1
2.2 1514155227554.1
2.2 1521949085694.5
2.2 1520388461063.2
2.2 1510811848281.5
2.2 1522683377609.4
2.2 1518685287957.3
2.2 1525144589107.2
2.2 1524582469921.1
2.2 1533961021237.9
2.2 1524935410630.3
2.2 1534951208418.9
2.2 1537317076177.8
2.2 1533840569870.7
2.2 1551930866908.7
2.2 1544404866328.4
2.2 1542720195453.1
2.2 1552192459211.7
2.2 1548249323666.7
2.2 1555929557277.6
2.2 1555863648929.1
2.2 1552259502959.8
2.2 1562817237653.1
2.2 1571750974315.8
2.2 1560446675702.1
2.2 1568569782605.3
2.2 1568029580991.3
2.2 1579336840839.2
2.2 1576075222483.8
2.2 1576177388984.4
2.2 1586496192113.2
2.2 1573839055809.7
2.2 1584465169814.3
2.2 1586639825622.4
2.2 1587064470367.7
2.1 1583679026354.0
2.1 1592839884583.0
2.1 1599608465389.1
2.1 1596388088314.7
2.1 1610743168281.8
2.1 1602939145701.6
2.1 1596100183730.6
2.1 1608531046740.8
2.1 1617315569654.0
2.1 1605134781008.4
2.1 1612023592514.6
2.1 1625507436237.2
2.1 1622002060337.0
2.1 1622587096746.8
2.1 1626310570314.4
2.1 1618121983683.5
2.1 1635624924801.4
2.1 1630107395150.1
2.1 1630072049061.2
2.1 1635816615048.1
2.1 1641397961978.8
2.1 1644166924324.4
2.1 1650671298423.8
2.1 1656544861036.3
2.1 1663343812690.8
2.1 1666095597840.3
2.1 1662327801262.4
2.1 1661205235659.1
2.1 1660707138922.2
2.1 1666558900855.3
2.1 1670393044196.7
2.1 1677159388623.5
2.1 1670330888369.0
2.1 1684187369777.3
2.1 1670742701765.9
2.1 1670567342409.1
2.1 1688243832771.8
2.1 1677451720112.1
2.1 1686035470328.7
2.1 1693379869165.7
2.1 1698874618993.8
2.1 1695475824832.2
2.1 1700199883718.9
2.1 1714097540975.5
2.1 1709480272841.8
2.1 1698764375878.1
2.1 1711111490433.4
2.1 1718714515341.7
2.1 1719604475595.2
2.1 1724910447318.0
2.1 1718498452954.3
2.1 1722738457678.1
2.1 1726974433940.3
2.1 1725592011176.6
2.1 1736344115980.6
2.1 1729659531763.7
2.1 1736461009610.4
2.1 1741136859739.5
2.1 1740518221043.7
2.1 1745038004085.7
2.1 1729483529353.7
2.1 1749541066397.7
2.1 1745915480110.8
2.1 1754342166995.6
2.1 1752529150166.4
2.1 1760041223696.6
2.1 1758832873692.9
2.1 1764232795102.9
2.1 1764378255759.7
2.1 1756583976885.6
2.1 1778452679608.4
2.1 1771562741799.4
2.1 1770217919768.8
2.1 1782323702238.2
2.1 1779037478803.0
2.1 1784709309406.4
2.1 1789480952087.3
2.1 1788737008391.6
2.1 1795438798014.3
2.1 1791871087348.1
2.1 1792175415392.9
2.1 1793521522892.8
2.1 1811340443042.2
2.1 1806892547809.0
2.1 1809566482452.7
2.1 1814608307944.2
2.1 1804257317468.2
2.1 1807970295728.9
2.1 1813748994760.9
2.1 1816716799266.1
2.1 1823961447498.5
2.1 1824416634009.0
2.1 1825905067914.1
2.1 1841526762278.8
2.1 1824323027767.3
2.1 1841104882067.0
2.1 1831863911770.4
2.1 1837024840725.0
2.1 1844953049349.9
2.1 1849774070747.3
2.1 1857666903645.2
2.1 1855304791996.0
2.1 1848560655927.7
2.1 1856445381599.9
2.1 1854535422176.4
2.1 1857009551689.9
2.1 1864150122128.1
2.1 1863266980160.4
2.1 1873311260133.4
2.1 1878977701285.4
2.1 1879112031445.6
2.1 1877650083359.6
2.1 1875757107966.1
2.1 1878804080250.2
2.1 1892872223534.0
2.1 1877211601730.3
2.1 1888804408617.1
2.1 1882002367497.5
2.1 1885481489346.8
2.0 1890548353032.0
2.0 1896910833925.4
2.0 1902978557347.8
2.0 1903415198251.1
2.0 1905439434836.3
2.0 1903574275727.6
2.0 1911646729241.8
2.0 1921580986566.4
2.0 1913247499242.3
2.0 1912541726768.3
2.0 1923181016909.1
2.0 1923335530432.3
2.0 1917614123442.8
2.0 1917777266485.3
2.0 1924672375633.0
2.0 1927411368267.1
2.0 1928862360361.7
2.0 1938602292253.7
2.0 1931195062913.5
2.0 1934789104682.3
2.0 1950361294001.5
2.0 1940402970420.0
2.0 1940858031821.1
2.0 1953129756134.2
2.0 1955430409736.3
2.0 1951759788432.5
2.0 1953068925226.2
2.0 1952107203040.8
2.0 1960372162596.6
2.0 1968061936342.2
2.0 1978720435619.8
2.0 1966425189760.6
2.0 1974387180899.8
2.0 1986867893339.0
2.0 1975305007596.7
2.0 1967997099425.9
2.0 1975101094251.1
2.0 1981211098831.9
2.0 1982239854952.2
2.0 1990033850802.6
2.0 1992891652059.7
2.0 1993215030589.1
2.0 1994806408779.8
2.0 1996257741304.4
2.0 1988999644549.9
2.0 1996214088807.9
2.0 2007210743454.2
2.0 2015111474691.4
2.0 2000441651065.5
2.0 2010862953619.9
2.0 2010075989849.1
2.0 2006914221048.4
2.0 2014384234701.9
2.0 2019332696232.2
2.0 2017295516717.8
2.0 2015681865167.0
2.0 2018954297690.3
2.0 2021667702181.7
2.0 2028420453057.9
2.0 2029876845975.1
2.0 2038848130370.2
2.0 2041414122421.1
2.0 2035501183089.8
2.0 2046266578174.2
2.0 2039668350388.2
2.0 2027668954481.0
2.0 2057286320787.0
2.0 2057491200714.9
2.0 2053265938810.9
2.0 2044756551659.0
2.0 2063099456695.1
2.0 2048653179842.0
2.0 2064904875623.1
2.0 2050893032000.3
2.0 2055396546908.8
2.0 2068175015927.4
2.0 2071151758307.0
2.0 2060760287911.4
2.0 2072557258667.0
2.0 2066310883525.4
2.0 2069153852813.6
2.0 2075983526165.9
2.0 2073600539241.5
2.0 2080699590719.8
2.0 2074340364032.3
2.0 2086375010057.4
2.0 2081669770098.1
2.0 2089580456863.0
2.0 2085568107055.2
2.0 2081562424677.4
2.0 2101644727151.9
2.0 2102425625907.0
2.0 2089130117196.5
2.0 2098937449269.8
2.0 2103684887668.9
2.0 2105154532480.2
2.0 2102260539658.7
2.0 2105506040563.4
2.0 2119785968686.5
2.0 2120844614797.5
2.0 2109655611234.3
2.0 2116300126295.5
2.0 2116414093007.5
2.0 2125498558092.0
2.0 2109178744224.0
2.0 2115818666983.3
2.0 2114042274946.5
2.0 2130305014954.2
2.0 2129476190872.8
2.0 2139351973602.1
2.0 2130806482520.7
2.0 2130797353599.3
2.0 2132954533741.2
2.0 2140248775920.6
2.0 2140917132796.3
2.0 2130513128141.8
2.0 2139423933359.8
2.0 2140907834417.0
2.0 2152101183539.8
2.0 2154390306968.5
2.0 2152368690803.2
2.0 2151697718132.6
2.0 2161122665442.2
2.0 2163277067047.5
2.0 2154407426166.3
2.0 2157373664170.6
2.0 2162085165741.0
2.0 2162901212230.1
2.0 2165865456914.1
2.0 2157027291595.9
2.0 2167904500436.3
1.9 2172208293384.5
1.9 2172760476545.6
1.9 2173715844551.8
1.9 2173067038237.5
1.9 2176165190127.5
1.9 2176322086816.1
1.9 2177148948283.3
1.9 2175039550624.5
1.9 2181876428135.8
1.9 2181772090874.6
1.9 2179936604718.2
1.9 2181703403597.3
1.9 2170282718893.9
1.9 2174053883629.6
1.9 2179154477750.5
1.9 2182922161473.1
1.9 2190810245351.1
1.9 2193244192822.3
1.9 2192622714927.1
1.9 2189348395823.7
1.9 2196032824280.4
1.9 2203907059805.7
1.9 2205013922132.5
1.9 2211820728075.2
1.9 2214384323521.3
1.9 2215491158904.5
1.9 2219907832134.7
1.9 2208580081393.7
1.9 2207181938500.6
1.9 2213320832291.5
1.9 2215360830785.1
1.9 2216476706077.8
1.9 2217857630464.2
1.9 2231113321929.8
1.9 2225369414285.2
1.9 2217128207417.3
1.9 2224048371093.0
1.9 2218716529996.0
1.9 2232610860666.1
1.9 2231889401323.2
1.9 2238667482398.4
1.9 2246361918840.7
1.9 2236311501493.8
1.9 2249389720441.8
1.9 2253136703954.8
1.9 2247302170432.0
1.9 2248033736515.2
1.9 2250340178684.8
1.9 2264573742695.7
1.9 2265958053980.6
1.9 2260009764636.7
1.9 2261660692680.8
1.9 2268807609360.3
1.9 2268495610772.9
1.9 2275637569168.4
1.9 2283951569151.9
1.9 2272275606383.0
1.9 2266878646238.5
1.9 2270754479160.1
1.9 2287590054095.7
1.9 2292992294961.4
1.9 2286529513423.2
1.9 2295319940765.7
1.9 2293163517819.0
1.9 2285932142152.5
1.9 2293026360631.4
1.9 2293611215191.9
1.9 2290555478389.6
1.9 2294395064836.6
1.9 2293034628118.3
1.9 2290507654759.0
1.9 2310064119347.0
1.9 2309224268356.5
1.9 2308776211851.4
1.9 2311184575342.3
1.9 2321115209831.6
1.9 2319501989769.9
1.9 2320613340939.2
1.9 2323928116111.4
1.9 2329055432436.7
1.9 2319292894837.3
1.9 2324680652476.2
1.9 2328513958861.9
1.9 2318508755119.2
1.9 2334238672532.8
1.9 2329669844506.7
1.9 2341771127063.9
1.9 2337593870941.1
1.9 2340005249744.5
1.9 2350288884662.6
1.9 2341216132045.1
1.9 2347884833661.7
1.9 2345655388469.9
1.9 2350001787068.5
1.9 2351770391208.5
1.9 2363198401791.5
1.9 2356210456079.1
1.9 2369820519395.9
1.9 2369785877909.8
1.9 2361907869175.9
1.9 2368050617434.1
1.9 2363523628495.0
1.9 2380714384866.8
1.9 2376575004055.8
1.9 2369615518445.5
1.9 2377037612708.9
1.9 2379709142587.1
1.9 2380969733427.7
1.9 2377871693059.9
1.9 2389389881769.7
1.9 2390907517383.7
1.9 2380897364381.3
1.9 2395993851303.5
1.9 2391624540474.5
1.9 2382269031695.1
1.9 2387505047783.7
1.9 2408852959223.0
1.9 2394648076196.4
1.9 2400007933180.5
1.9 2409837698185.3
1.9 2401015672333.0
1.9 2411608295812.5
1.9 2421302373273.6
1.9 2418359794011.4
1.9 2421160873182.5
1.9 2424726980394.9
1.9 2414142685399.4
1.9 2420260881226.3
1.9 2426122122011.8
1.9 2417972261888.0
1.9 2431727492208.7
1.9 2425238958824.7
1.9 2434660669162.7
1.9 2429705007352.2
1.9 2442047445217.0
1.9 2437858646533.3
1.9 2441807126531.5
1.9 2444865579195.9
1.9 2441319833397.2
1.9 2447680897448.1
1.9 2462797369633.7
1.9 2457478058663.8
1.9 2455207940465.6
1.9 2452687260470.8
1.9 2455494025850.3
1.8 2459441324181.1
1.8 2460093927720.9
1.8 2459354612040.1
1.8 2463428780708.2
1.8 2467502165869.2
1.8 2469803216704.2
1.8 2469954013771.4
1.8 2476556064951.2
1.8 2471398128400.5
1.8 2474081054313.5
1.8 2470320056903.0
1.8 2482099714904.4
1.8 2471270251956.6
1.8 2468906942598.4
1.8 2479798141781.8
1.8 2457502417158.3
1.8 2471799390323.3
1.8 2464275258949.4
1.8 2472010179979.3
1.8 2472558978957.1
1.8 2474746890515.1
1.8 2468622445036.8
1.8 2479627424934.2
1.8 2500194479378.4
1.8 2490045870524.7
1.8 2494624024490.9
1.8 2504232040229.2
1.8 2506920765915.2
1.8 2513883395991.0
1.8 2514057798960.9
1.8 2528429898197.3
1.8 2519686099550.7
1.8 2522625852620.3
1.8 2527448444711.3
1.8 2524238575642.0
1.8 2521282984738.7
1.8 2530120195679.8
1.8 2534565598762.4
1.8 2532491831524.7
1.8 2529919511163.6
1.8 2529229431231.1
1.8 2532424043301.5
1.8 2542881005326.8
1.8 2548326603335.2
1.8 2541130882784.1
1.8 2548704103090.1
1.8 2558651354874.3
1.8 2555089744851.5
1.8 2558157340247.3
1.8 2563349533516.6
1.8 2555920857909.9
1.8 2561363839606.5
1.8 2557189655642.3
1.8 2552270141847.9
1.8 2569072624220.1
1.8 2572141754823.3
1.8 2572840583003.3
1.8 2572293423838.8
1.8 2572745575377.9
1.8 2579431654898.6
1.8 2582377208091.2
1.8 2581460556842.3
1.8 2579798584467.7
1.8 2573656150125.3
1.8 2591794296083.4
1.8 2591006778669.4
1.8 2590718909705.7
1.8 2588691166586.2
1.8 2590023832912.0
1.8 2599563353512.9
1.8 2595674956962.6
1.8 2600986075442.6
1.8 2592878177626.6
1.8 2608872282294.1
1.8 2603377226840.9
1.8 2599376183898.9
1.8 2601212068155.2
1.8 2617566454589.8
1.8 2617415071139.6
1.8 2602258443208.7
1.8 2618480972980.7
1.8 2618581918767.0
1.8 2619056111874.4
1.8 2622753017453.8
1.8 2619512806996.1
1.8 2622343898961.3
1.8 2614527319450.2
1.8 2619217944828.9
1.8 2621432754421.0
1.8 2624761476642.7
1.8 2626358388464.0
1.8 2630923918371.8
1.8 2631779749085.9
1.8 2632760251150.1
1.8 2636460397597.4
1.8 2629782467838.7
1.8 2632743408831.4
1.8 2636568825915.6
1.8 2644221101566.7
1.8 2641626647784.9
1.8 2651374880150.2
1.8 2647179062782.3
1.8 2650263873833.7
1.8 2651745626188.2
1.8 2659392423849.4
1.8 2656313777203.1
1.8 2650896654145.8
1.8 2659281917302.6
1.8 2668157473258.4
1.8 2664839151108.7
1.8 2654136820551.8
1.8 2659442250484.4
1.8 2656378612516.3
1.8 2657869992471.2
1.8 2669694525538.7
1.8 2674997384600.6
1.8 2674274770172.6
1.8 2674537285028.6
1.8 2663371911194.4
1.8 2668062806436.8
1.8 2684054317122.3
1.8 2680144487040.4
1.8 2673782088796.8
1.8 2675034947044.8
1.8 2680707008203.0
1.8 2681926486054.7
1.8 2679539632980.9
1.8 2683898482850.7
1.8 2684825456000.1
1.8 2686733411784.6
1.8 2698064124845.0
1.8 2686759476837.5
1.8 2691726952569.5
1.8 2691560354202.9
1.8 2687732987532.4
1.8 2697459745104.1
1.8 2689368620806.8
1.8 2697504481344.7
1.8 2710143491885.7
1.8 2689885444270.9
1.8 2702155180506.4
1.8 2700543532311.0
1.8 2703922283309.8
1.8 2696603126884.1
1.8 2698162916954.2
1.8 2702880860983.8
1.8 2688176774857.9
1.8 2693870340837.2
1.8 2693861784486.6
1.8 2684887437710.9
1.8 2690581354839.4
1.8 2689855214158.4
1.8 2694093679364.0
1.8 2689017007288.9
1.8 2706192039092.2
1.8 2700273341365.0
1.8 2695208241723.8
1.8 2700169867587.3
1.8 2704284426133.4
1.8 2704297006315.0
1.8 2704553016058.7
1.7 2710594250306.7
1.7 2706396015116.8
1.7 2696787730293.2
1.7 2702229473289.4
1.7 2708870830270.3
1.7 2705652384586.3
1.7 2717215960013.5
1.7 2707997369008.7
1.7 2712592266135.3
1.7 2723783145736.2
1.7 2713142628791.5
1.7 2720012678669.9
1.7 2720649261972.2
1.7 2721287554087.0
1.7 2718576454690.9
1.7 2721133734030.1
1.7 2724169200082.8
1.7 2730789568190.2
1.7 2727729885326.7
1.7 2717272288229.5
1.7 2713868205191.2
1.7 2712378224873.8
1.7 2726154427801.0
1.7 2721327537076.8
1.7 2722225537326.7
1.7 2720267168754.7
1.7 2728548609218.5
1.7 2731947128601.0
1.7 2732490905039.5
1.7 2709264694169.4
1.7 2718020245917.8
1.7 2727363873844.5
1.7 2729698129653.7
1.7 2740100351433.2
1.7 2733418280459.5
1.7 2727811247030.3
1.7 2734060002296.0
1.7 2726804025152.9
1.7 2723463246804.4
1.7 2728528916101.0
1.7 2737377122004.9
1.7 2733451545625.6
1.7 2740167066775.8
1.7 2744280234738.2
1.7 2750044935445.7
1.7 2743533046524.2
1.7 2733372089132.8
1.7 2739612171787.9
1.7 2737598601756.8
1.7 2737709542606.2
1.7 2730756885380.8
1.7 2722988395086.8
1.7 2734760201034.3
1.7 2735821609651.7
1.7 2750168373870.8
1.7 2740533276786.0
1.7 2751463749888.3
1.7 2741018704825.0
1.7 2751239776678.5
1.7 2739634832605.2
1.7 2735546413844.3
1.7 2732049594708.8
1.7 2737930676085.8
1.7 2740295563707.1
1.7 2743011749592.9
1.7 2744674630632.6
1.7 2746572141257.3
1.7 2744611916129.7
1.7 2743006000351.4
1.7 2747594921824.3
1.7 2751247951665.6
1.7 2745328739828.6
1.7 2750733953113.9
1.7 2753221106917.3
1.7 2749762723556.1
1.7 2751553159137.2
1.7 2755440905358.5
1.7 2755252236221.0
1.7 2752505186488.1
1.7 2758488111645.5
1.7 2753303839057.2
1.7 2745219554232.2
1.7 2751552873985.3
1.7 2738717450503.4
1.7 2754341058104.8
1.7 2759276416051.9
1.7 2752608199194.0
1.7 2749774318540.1
1.7 2772795830220.4
1.7 2768337904448.3
1.7 2760178859813.0
1.7 2763375383990.5
1.7 2769349184438.9
1.7 2767105858078.3
1.7 2768104503360.0
1.7 2778237206795.3
1.7 2768603115916.8
1.7 2768104246522.5
1.7 2768069621755.7
1.7 2763073664366.4
1.7 2759468111700.5
1.7 2751599819273.1
1.7 2757920551389.6
1.7 2753405004656.9
1.7 2750046903042.9
1.7 2765003823506.4
1.7 2766482628661.4
1.7 2764855278630.3
1.7 2757594666933.2
1.7 2775638321634.0
1.7 2758727834558.3
1.7 2765271395045.4
1.7 2784446070859.0
1.7 2766179371007.0
1.7 2756306452491.1
1.7 2756538768149.7
1.7 2748630246394.9
1.7 2751161858087.2
1.7 2756902239539.4
1.7 2768597180287.2
1.7 2746847273893.3
1.7 2769186926118.5
1.7 2760158279966.9
1.7 2773214962761.2
1.7 2774486335521.1
1.7 2772901053378.6
1.7 2781145360120.1
1.7 2776707029745.0
1.7 2785518590849.4
1.7 2771498038911.2
1.7 2781221602006.4
1.7 2776911168445.3
1.7 2780130650761.2
1.7 2762948392336.2
1.7 2769478309980.0
1.7 2772930305621.1
1.7 2771144504406.1
1.7 2757980710163.5
1.7 2762576293809.5
1.7 2762507495740.3
1.7 2763236390106.7
1.7 2767717028372.3
1.7 2771741880231.8
1.7 2763613716064.8
1.7 2771273759724.0
1.7 2769737507752.9
1.7 2771494204409.1
1.7 2767354073857.3
1.7 2760044191009.8
1.7 2761921118806.9
1.7 2760173129140.4
1.7 2757408829410.4
1.7 2758837179513.0
1.7 2764227497815.9
1.7 2765203505934.9
1.7 2759055358752.2
1.7 2766028199673.7
1.7 2766781828119.2
1.7 2769570405631.5
1.7 2774504807041.3
1.7 2766227472500.0
1.7 2776580881983.9
1.7 2777564075228.2
1.7 2777984385331.7
1.7 2772317362214.4
1.7 2786043312105.9
1.7 2771253771408.2
1.7 2751068975440.9
1.7 2752969921165.3
1.7 2753745636411.4
1.7 2752384463980.9
1.7 2752713294182.6
1.7 2747533246197.0
1.7 2752363623757.6
1.7 2770004128964.0
1.7 2770869135060.5
1.7 2775955249139.5
1.7 2761045812803.8
1.7 2774220888888.8
1.7 2774141563256.7
1.7 2780014910763.2
1.6 2779375418774.6
1.6 2789627403149.0
1.6 2778885470931.6
1.6 2780381815921.0
1.6 2769645055822.6
1.6 2770021686307.5
1.6 2774663210008.4
1.6 2766289473379.1
1.6 2760498758893.6
1.6 2769180911083.6
1.6 2763168616221.1
1.6 2753121006425.5
1.6 2753281225277.8
1.6 2754675735974.8
1.6 2754613333326.9
1.6 2759036078396.4
1.6 2776685927758.3
1.6 2783012690702.9
1.6 2788778702977.5
1.6 2787148500611.5
1.6 2781261702741.3
1.6 2785348285693.0
1.6 2781481129396.5
1.6 2786912830981.9
1.6 2769719749082.2
1.6 2773585447217.2
1.6 2768940746794.4
1.6 2749741853937.6
1.6 2730995495722.7
1.6 2723000648669.7
1.6 2724187004892.2
1.6 2733656445157.5
1.6 2725554390407.6
1.6 2742409176869.0
1.6 2740239869327.9
1.6 2764252081505.0
1.6 2774612309459.3
1.6 2770541506021.2
1.6 2799020406767.1
1.6 2787903979220.8
1.6 2796919514665.9
1.6 2790727102844.1
1.6 2772573460648.9
1.6 2752076407966.4
1.6 2729795514716.3
1.6 2731104129884.6
1.6 2730289824653.0
1.6 2734281932481.5
1.6 2747548850959.1
1.6 2749417375095.6
1.6 2745700258292.2
1.6 2766673144323.8
1.6 2787419623335.3
1.6 2785936428510.0
1.6 2776078209059.8
1.6 2771806218539.4
1.6 2751903203966.4
1.6 2737587200736.9
1.6 2729079967979.2
1.6 2737543097942.1
1.6 2748461221342.3
1.6 2757369218641.8
1.6 2765495253155.8
1.6 2767706303661.8
1.6 2785762475011.6
1.6 2784960563504.9
1.6 2761289264353.3
1.6 2757367801418.0
1.6 2748986106828.1
1.6 2742056618959.4
1.6 2722861486705.4
1.6 2757308962575.7
1.6 2759414897828.8
1.6 2769437471427.3
1.6 2786817237953.8
1.6 2789814393600.1
1.6 2795932945832.6
1.6 2803388783460.9
1.6 2802039755657.3
1.6 2795342687040.4
1.6 2790876148771.9
1.6 2775714767916.2
1.6 2761336580337.6
1.6 2756653574234.4
1.6 2740053048951.8
1.6 2732812305474.9
1.6 2729471661565.9
1.6 2728582401875.0
1.6 2728696285426.7
1.6 2731928684430.1
1.6 2725920185422.7
1.6 2723030678954.2
1.6 2723036771315.2
1.6 2746641940686.2
1.6 2740859913794.0
1.6 2731740720782.1
1.6 2736868403800.3
1.6 2753791505454.0
1.6 2767152135535.9
1.6 2760039537391.0
1.6 2741247365047.9
1.6 2759391656755.3
1.6 2786543958752.5
1.6 2787332243525.5
1.6 2805359960015.8
1.6 2778345891850.3
1.6 2808160427196.9
1.6 2786155453054.7
1.6 2766934165505.9
1.6 2740045371186.9
1.6 2734394391534.0
1.6 2741972994328.0
1.6 2748884324399.1
1.6 2750127090368.6
1.6 2729810230015.1
1.6 2730055572861.9
1.6 2731746172814.1
1.6 2752881667686.8
1.6 2736462110859.1
1.6 2736932076481.3
1.6 2746067495031.2
1.6 2773752539137.8
1.6 2788994435948.3
1.6 2799681335123.8
1.6 2796263447867.6
1.6 2790292700624.7
1.6 2770665642621.0
1.6 2767030688758.2
1.6 2765839518682.0
1.6 2740447610043.8
1.6 2734153496501.2
1.6 2721311890590.5
1.6 2726897751305.2
1.6 2728488067515.6
1.6 2725084845120.8
1.6 2721571833429.9
1.6 2737589655795.3
1.6 2773134386260.4
1.6 2762409346545.0
1.6 2763002511879.7
1.6 2761155768654.4
1.6 2786043408430.9
1.6 2791406628054.3
1.6 2778247485352.7
1.6 2798695087151.3
1.6 2798957306584.3
1.6 2787798451763.6
1.6 2780633575166.9
1.6 2784558010123.7
1.6 2805889199210.0
1.6 2790966323275.5
1.6 2799104023158.4
1.6 2799149466411.0
1.6 2797311314148.8
1.6 2790929884038.9
1.6 2777235324594.5
1.6 2775068557694.2
1.6 2768248571342.3
1.6 2765197579065.1
1.6 2782313368893.0
1.6 2796657929703.2
1.6 2784966483421.1
1.6 2785906124382.8
1.6 2783301594620.1
1.6 2755664706667.0
1.6 2751623806333.2
1.6 2751792727703.3
1.6 2725382940920.9
1.6 2763428148640.5
1.6 2746434581349.0
1.6 2735644450587.5
1.6 2742460976436.1
1.6 2753484567155.5
1.6 2741701570933.4
1.6 2735234321788.2
1.6 2734303291512.0
1.6 2732930282853.6
1.6 2742294402563.2
1.6 2766046183342.7
1.6 2758144050599.8
1.6 2746370207570.9
1.6 2729508047161.7
1.6 2721832589610.7
1.6 2715818340796.9
1.6 2742665621907.4
1.6 2729682250764.4
1.6 2714156503860.1
1.6 2719983218751.6
1.6 2727801057379.0
1.6 2705753880505.9
1.6 2703839749692.4
1.6 2702921861245.1
1.6 2712511040420.8
1.6 2725085707201.7
1.6 2719634962720.9
1.6 2726901616550.1
1.6 2729855944561.1
1.6 2738449380473.4
1.6 2745826438980.1
1.6 2755524997058.1
1.6 2789433014262.7
1.6 2784648747160.4
1.6 2798656712661.9
1.6 2772983556918.4
1.6 2778592130971.0
1.5 2779437079199.7
1.5 2806558507378.3
1.5 2807375883314.7
1.5 2792277642816.4
1.5 2811996344379.0
1.5 2813036227547.9
1.5 2821371804661.5
1.5 2812354022905.7
1.5 2814500648677.3
1.5 2792771328150.8
1.5 2819016505138.6
1.5 2790986453748.2
1.5 2769699107783.9
1.5 2772731724486.1
1.5 2804949703663.8
1.5 2796376089386.6
1.5 2808033709343.8
1.5 2777681468993.3
1.5 2760705895766.4
1.5 2751800897631.5
1.5 2743448794870.9
1.5 2750464997430.6
1.5 2793968205177.3
1.5 2814033322511.5
1.5 2797722485169.8
1.5 2813477014616.3
1.5 2808665984632.8
1.5 2801201385460.3
1.5 2780135900152.5
1.5 2745800459007.2
1.5 2748066622383.6
1.5 2752987300203.7
1.5 2743311210163.0
1.5 2751771636588.1
1.5 2752380877257.1
1.5 2737175756790.1
1.5 2741103390728.9
1.5 2750229677844.4
1.5 2763780748118.0
1.5 2802660709137.3
1.5 2791549456316.9
1.5 2791941261447.7
1.5 2826511785900.5
